135264780 135264708 8 10
135264780 135260784 8 10
135264708 135264078 10 12
135264708 135204768 10 12
135260784 135206784 10 10
135260784 130265784 10 10
135206784 135026784 10 10
135206784 135286704 10 10
135206784 105236784 10 12
130265784 103265784 10 10
135026784 135726084 10 10
135026784 035126784 10 12
103265784 013265784 10 12
103265784 163205784 10 10
135286704 135286740 10 8
135286704 135286074 10 12
135286740 135280746 8 10
135726084 135726804 10 10
135264078 135064278 12 14
135204768 135240768 12 10
135204768 135024768 12 12
135204768 105234768 12 14
135240768 135248760 10 10
135240768 130245768 10 10
163205784 163250784 10 8
163205784 163025784 10 10
163205784 163285704 10 10
163250784 163254780 8 6
163250784 160253784 8 10
163254780 163254708 6 8
130245768 103245768 10 10
135248760 135248706 10 10
163285704 163285740 10 8
163285704 163285074 10 12
163285740 163280745 8 10
163254708 163254078 8 10
163254708 163204758 8 10
103245768 013245768 10 12
103245768 143205768 10 10
135248706 135248076 10 12
135248706 135208746 10 12
163025784 163725084 10 10
163025784 063125784 10 12
135024768 135724068 12 12
135024768 035124768 12 14
105236784 150236784 12 10
105236784 015236784 12 14
150236784 156230784 10 10
135280746 130285746 10 10
135726804 135726840 10 8
135726804 135706824 10 12
135726840 135720846 8 10
156230784 156203784 10 10
156230784 156234780 10 8
156234780 156234708 8 10
160253784 106253784 10 10
143205768 143250768 10 8
143205768 143025768 10 10
143205768 143265708 10 8
143250768 143258760 8 8
143250768 140253768 8 10
143265708 143265780 8 6
143265708 143265078 8 10
143265780 143260785 6 8
135286074 135086274 12 14
013265784 213065784 12 10
213065784 213605784 10 10
213065784 213765084 10 10
143258760 143258706 8 8
213605784 213650784 10 8
213605784 213685704 10 10
213605784 203615784 10 12
213650784 213654780 8 6
213650784 210653784 8 10
213654780 213654708 6 8
213765084 213765804 10 10
035126784 305126784 12 12
130285746 103285746 10 10
156203784 156023784 10 10
156203784 156283704 10 10
135724068 135724608 12 12
163725084 163725804 10 10
163280745 163208745 10 12
163280745 160283745 10 12
213685704 213685740 10 8
213685704 213685074 10 12
213685740 213680745 8 10
143258706 143258076 8 10
143258706 143208756 8 10
135724608 135724680 12 10
135724608 135704628 12 14
135724680 135720684 10 12
156234708 156234078 10 12
156234708 156204738 10 12
143025768 143725068 10 10
143025768 043125768 10 12
143260785 143206785 8 8
143260785 140263785 8 10
106253784 016253784 10 12
163725804 163725840 10 8
163725804 163705824 10 12
163725840 163720845 8 10
305126784 350126784 12 10
305126784 325106784 12 10
350126784 356120784 10 10
325106784 325160784 10 10
325106784 325016784 10 12
325106784 325186704 10 10
156283704 156283740 10 8
156283704 156283074 10 12
156283740 156280743 8 10
105234768 150234768 14 12
105234768 015234768 14 16
150234768 154230768 12 12
356120784 356102784 10 12
356120784 356124780 10 8
356124780 356124708 8 10
325186704 325186740 10 8
325186704 325186074 10 12
325186740 325180746 8 10
325160784 325164780 10 8
325160784 320165784 10 10
325164780 325164708 8 10
154230768 154203768 12 12
154230768 154238760 12 12
135720846 135702846 10 12
135720846 130725846 10 10
135064278 135604278 14 14
135064278 035164278 14 16
213654708 213654078 8 10
213654708 213604758 8 10
213765804 213765840 10 8
213765804 213705864 10 12
213765840 213760845 8 10
103285746 013285746 10 12
103285746 183205746 10 10
156023784 156723084 10 10
156023784 056123784 10 12
210653784 201653784 10 12
163285074 163085274 12 14
143265078 143065278 10 12
183205746 183250746 10 8
183205746 183025746 10 10
183205746 183245706 10 8
183250746 183256740 8 6
183250746 180253746 8 10
183256740 183256704 6 8
183245706 183245760 8 8
183245706 183245076 8 10
156723084 156723804 10 10
183245760 183240765 8 10
163204758 163240758 10 8
163204758 163024758 10 10
163204758 103264758 10 10
163240758 163248750 8 8
163240758 160243758 8 10
154238760 154238706 12 12
135604278 135640278 14 12
135604278 135674208 14 14
135604278 105634278 14 16
135640278 135648270 12 12
135640278 130645278 12 12
163248750 163248705 8 10
320165784 302165784 10 12
154203768 154023768 12 12
154203768 154263708 12 10
154203768 104253768 12 12
154263708 154263780 10 8
154263708 154263078 10 12
154263780 154260783 8 10
135706824 135760824 12 12
135706824 135076824 12 14
135706824 105736824 12 14
013245768 213045768 12 10
213045768 213405768 10 8
213045768 213745068 10 10
213405768 213450768 8 6
213405768 213465708 8 6
213405768 203415768 8 10
213450768 213458760 6 6
213450768 210453768 6 8
213465708 213465780 6 4
213465708 213465078 6 8
213465780 213460785 4 6
213458760 213458706 6 6
213460785 213406785 6 6
213460785 210463785 6 8
213458706 213458076 6 8
213458706 213408756 6 8
015236784 215036784 14 12
215036784 215306784 12 12
215036784 215736084 12 12
143206785 143026785 8 8
143206785 143286705 8 8
143206785 103246785 8 8
213465078 213065478 8 10
213406785 213046785 6 8
213406785 213486705 6 6
213406785 203416785 6 8
135208746 135028746 12 12
135208746 105238746 12 14
215306784 215360784 12 12
215306784 215386704 12 12
215306784 205316784 12 14
215736084 215736804 12 12
213745068 213745608 10 10
210453768 201453768 8 10
135248076 135048276 12 14
143725068 143725608 10 10
163254078 163054278 10 12
035124768 305124768 14 14
063125784 603125784 12 12
130725846 103725846 10 10
130645278 103645278 12 12
135648270 135648207 12 14
135720684 135702684 12 14
135720684 130725684 12 12
103264758 130264758 10 10
103264758 013264758 10 12
154238706 154238076 12 14
154238706 154208736 12 14
156723804 156723840 10 8
156723804 156703824 10 12
156723840 156720843 8 10
103645278 013645278 12 14
103645278 143605278 12 12
203615784 230615784 12 12
203615784 023615784 12 12
213680745 213608745 10 12
213680745 210683745 10 12
183256704 183256074 8 10
183256704 183206754 8 10
135086274 135806274 14 14
135086274 035186274 14 16
183025746 183725046 10 10
183025746 083125746 10 12
213760845 213706845 10 10
213760845 210763845 10 12
325180746 325108746 10 12
325180746 320185746 10 10
163024758 163724058 10 10
163024758 063124758 10 12
356124708 356124078 10 12
356124708 356104728 10 12
163720845 163702845 10 12
163720845 160723845 10 12
103725846 013725846 10 12
103725846 123705846 10 8
123705846 123750846 8 6
123705846 123075846 8 10
123705846 123745806 8 6
123750846 123756840 6 4
123750846 120753846 6 8
123756840 123756804 4 6
123745806 123745860 6 6
123745806 123745086 6 6
123745860 123740865 6 8
123745086 123045786 6 6
325016784 325716084 12 12
325016784 025316784 12 14
123756804 123756084 6 6
123756804 123706854 6 8
123045786 123405786 6 4
123045786 023145786 6 8
123405786 123450786 4 2
123405786 123485706 4 4
123405786 103425786 4 6
123450786 123456780 2 0
123450786 120453786 2 4
